generation,leftchild,rightchild,abstime,lambdainit,lambdashift,muinit,mushift
0,gaigei,parilis,0,0.032,0,0.005,0
10000,gaigei,parilis,0,0.293264,-0.0413317,0.00710585,0
20000,gaigei,parilis,0,0.288401,-0.0409324,0.00185194,0
30000,gaigei,parilis,0,0.499465,-0.0574343,0.0104829,0
40000,gaigei,parilis,0,0.307549,-0.0461476,0.00117095,0
50000,gaigei,parilis,0,0.35077,-0.044043,0.00721613,0
60000,gaigei,parilis,0,0.319777,-0.0453972,0.000288588,0
60000,lucius,NA,29.5578,0.0966275,-0.0471903,0.048155,0
70000,gaigei,parilis,0,0.339504,-0.046183,0.00226542,0
70000,smallwoodi,equestris,32.0126,0.373866,-0.0359496,0.202456,0
80000,gaigei,parilis,0,0.305805,-0.0458321,0.00241828,0
90000,gaigei,parilis,0,0.298177,-0.0414918,0.00197749,0
90000,porcatus,NA,49.2371,0.48652,-0.0160486,0.684163,0
100000,gaigei,parilis,0,0.412004,-0.0515285,0.00820777,0
110000,gaigei,parilis,0,0.266756,-0.0405519,0.00306238,0
120000,gaigei,parilis,0,0.382558,-0.0473463,0.00320531,0
130000,gaigei,parilis,0,0.384773,-0.0473367,0.00370272,0
140000,gaigei,parilis,0,0.33031,-0.0466628,0.00225561,0
150000,gaigei,parilis,0,0.394371,-0.0519807,0.00123781,0
160000,gaigei,parilis,0,0.316524,-0.0459591,0.00330622,0
170000,gaigei,parilis,0,0.438951,-0.0528312,0.00493467,0
180000,gaigei,parilis,0,0.322989,-0.0465792,0.000822636,0
190000,gaigei,parilis,0,0.400793,-0.0508382,0.00405214,0
190000,vanidicus,NA,48.5519,0.237889,-0.0141575,0.0092545,0
200000,gaigei,parilis,0,0.238824,-0.0378924,0.000660451,0
200000,gundlachi,NA,50.9332,1.48072,0.0153282,0.137953,0
210000,gaigei,parilis,0,0.374813,-0.0477616,0.00656357,0
220000,gaigei,parilis,0,0.36947,-0.0452646,0.00197261,0
220000,omiltemanus,NA,50.3213,0.310952,0.0349613,0.0261707,0
230000,gaigei,parilis,0,0.335206,-0.0428489,0.00628443,0
240000,gaigei,parilis,0,0.304116,-0.0431331,0.00189732,0
250000,gaigei,parilis,0,0.396278,-0.0490605,0.0048724,0
250000,smallwoodi,equestris,30.3859,0.144909,-0.0108371,0.181726,0
260000,gaigei,parilis,0,0.583539,-0.0577783,0.00592394,0
270000,gaigei,parilis,0,0.502808,-0.0586025,0.00167536,0
280000,gaigei,parilis,0,0.463742,-0.0561538,0.00037437,0
290000,gaigei,parilis,0,0.294518,-0.0411825,0.00555599,0
300000,gaigei,parilis,0,0.386109,-0.0487113,0.0020396,0
310000,gaigei,parilis,0,0.402505,-0.0507891,0.00306436,0
310000,porcatus,NA,50.1765,0.561498,0.0026773,1.68763,0
320000,gaigei,parilis,0,0.347901,-0.0427665,0.00811076,0
330000,gaigei,parilis,0,0.311643,-0.0414563,0.00528725,0
340000,gaigei,parilis,0,0.373791,-0.0479013,0.00416611,0
350000,gaigei,parilis,0,0.345268,-0.0471412,0.00132365,0
360000,gaigei,parilis,0,0.449574,-0.0537451,0.00771817,0
370000,gaigei,parilis,0,0.283807,-0.0419229,0.000534186,0
380000,gaigei,parilis,0,0.428969,-0.0546014,0.00464668,0
390000,gaigei,parilis,0,0.265086,-0.0407635,0.0019501,0
400000,gaigei,parilis,0,0.294532,-0.0437437,0.00626731,0
410000,gaigei,parilis,0,0.424031,-0.0503173,0.0030054,0
420000,gaigei,parilis,0,0.316932,-0.0421872,0.00247804,0
420000,distichus,ignigularis,48.1748,0.323321,0.0287871,0.357013,0
430000,gaigei,parilis,0,0.293825,-0.0449553,0.00887123,0
430000,campbelli,NA,38.4039,0.0354058,-0.0198771,0.195869,0
440000,gaigei,parilis,0,0.339941,-0.04391,0.00521032,0
450000,gaigei,parilis,0,0.374442,-0.0504557,0.00099416,0
460000,gaigei,parilis,0,0.23115,-0.0388359,0.000115125,0
460000,hendersoni,dolichocephalus,39.1827,0.215312,-0.0380403,0.0627387,0
470000,gaigei,parilis,0,0.29527,-0.0430865,0.00251878,0
480000,gaigei,parilis,0,0.32627,-0.0437795,0.00288059,0
490000,gaigei,parilis,0,0.390115,-0.0512395,0.00106398,0
500000,gaigei,parilis,0,0.442214,-0.0517026,0.000629853,0
510000,gaigei,parilis,0,0.339946,-0.047054,0.00672055,0
520000,gaigei,parilis,0,0.389033,-0.0479072,0.00504616,0
520000,mestrei,NA,47.4624,0.0362734,-0.00253591,0.209107,0
530000,gaigei,parilis,0,0.304174,-0.0448172,0.000155176,0
530000,liogaster,NA,51.1004,0.20273,0.038267,0.291071,0
540000,gaigei,parilis,0,0.306754,-0.0423673,0.00114595,0
550000,gaigei,parilis,0,0.358894,-0.0463544,0.000697718,0
550000,smallwoodi,equestris,38.6402,0.296953,-0.0110686,0.113914,0
560000,gaigei,parilis,0,0.309557,-0.0430443,0.00110572,0
570000,gaigei,parilis,0,0.250086,-0.0408272,0.00215564,0
580000,gaigei,parilis,0,0.30505,-0.0430368,0.00215783,0
590000,gaigei,parilis,0,0.259843,-0.0420265,0.000347014,0
590000,semilineatus,NA,51.3329,0.0403409,0.00522119,0.612636,0
600000,gaigei,parilis,0,0.33209,-0.0455297,0.000707467,0
610000,gaigei,parilis,0,0.370162,-0.0497537,0.00268824,0
620000,gaigei,parilis,0,0.291582,-0.0442706,0.000741744,0
630000,gaigei,parilis,0,0.323681,-0.047026,0.00235864,0
640000,gaigei,parilis,0,0.321432,-0.0465082,0.00626397,0
650000,gaigei,parilis,0,0.247523,-0.0358314,0.00165865,0
660000,gaigei,parilis,0,0.389003,-0.0481168,0.013471,0
670000,gaigei,parilis,0,0.305328,-0.0405175,0.00874619,0
680000,gaigei,parilis,0,0.209251,-0.032708,0.00153878,0
690000,gaigei,parilis,0,0.377627,-0.0506086,0.00209996,0
700000,gaigei,parilis,0,0.416404,-0.0536186,0.00155057,0
710000,gaigei,parilis,0,0.368181,-0.0508326,0.00400888,0
720000,gaigei,parilis,0,0.376723,-0.0459536,0.00781107,0
720000,beckeri,utilensis,48.1277,0.59343,0.0199779,0.549675,0
730000,gaigei,parilis,0,0.343788,-0.0464893,0.00290056,0
740000,gaigei,parilis,0,0.31857,-0.0440988,0.000268265,0
750000,gaigei,parilis,0,0.336863,-0.0461305,0.00118504,0
760000,gaigei,parilis,0,0.481478,-0.0581492,0.00201566,0
770000,gaigei,parilis,0,0.306238,-0.0452215,0.000184185,0
780000,gaigei,parilis,0,0.349403,-0.0472924,0.00224051,0
790000,gaigei,parilis,0,0.516971,-0.0539877,0.0316078,0
800000,gaigei,parilis,0,0.368206,-0.0469031,0.000464764,0
800000,alayoni,NA,49.9578,0.706332,-0.0219161,0.491784,0
810000,gaigei,parilis,0,0.386818,-0.0501264,0.00569567,0
820000,gaigei,parilis,0,0.261441,-0.0402309,0.00154251,0
830000,gaigei,parilis,0,0.434153,-0.0549328,0.0123468,0
840000,gaigei,parilis,0,0.444503,-0.0507742,0.0171751,0
850000,gaigei,parilis,0,0.352303,-0.0469564,0.0147793,0
860000,gaigei,parilis,0,0.341271,-0.0449536,0.000886105,0
870000,gaigei,parilis,0,0.408231,-0.0497779,0.00213488,0
880000,gaigei,parilis,0,0.274149,-0.0438384,0.00134823,0
890000,gaigei,parilis,0,0.296369,-0.0433456,0.00196336,0
900000,gaigei,parilis,0,0.342508,-0.0448408,0.0142469,0
910000,gaigei,parilis,0,0.332246,-0.0473937,0.00274437,0
920000,gaigei,parilis,0,0.339058,-0.0442551,0.0121172,0
930000,gaigei,parilis,0,0.272219,-0.0389379,0.00108046,0
940000,gaigei,parilis,0,0.427322,-0.0532828,9.75229e-006,0
940000,opalinus,NA,38.357,0.413411,0.00556716,0.0063635,0
950000,gaigei,parilis,0,0.31479,-0.0406027,0.00978985,0
960000,gaigei,parilis,0,0.403634,-0.0482415,0.0166511,0
970000,gaigei,parilis,0,0.355767,-0.0489192,0.00110693,0
970000,smallwoodi,equestris,40.8738,0.571585,-0.00882261,0.551168,0
980000,gaigei,parilis,0,0.334604,-0.0474515,0.000267733,0
990000,gaigei,parilis,0,0.286236,-0.0410313,0.00359927,0
1000000,gaigei,parilis,0,0.355422,-0.0457909,0.00758273,0
1010000,gaigei,parilis,0,0.377466,-0.0482186,0.000128639,0
1020000,gaigei,parilis,0,0.377408,-0.0475408,0.00646506,0
1030000,gaigei,parilis,0,0.286336,-0.0448346,0.00128049,0
1040000,gaigei,parilis,0,0.291849,-0.0435519,0.00265564,0
1050000,gaigei,parilis,0,0.232268,-0.0352162,0.00226072,0
1060000,gaigei,parilis,0,0.369943,-0.0504452,0.000572644,0
1070000,gaigei,parilis,0,0.241746,-0.0385321,0.00275182,0
1070000,christophei,NA,50.9463,0.651262,-0.000640022,0.534572,0
1080000,gaigei,parilis,0,0.290887,-0.0396822,0.00451212,0
1090000,gaigei,parilis,0,0.378794,-0.0490102,0.00253732,0
1100000,gaigei,parilis,0,0.355675,-0.046282,0.00267412,0
1110000,gaigei,parilis,0,0.222788,-0.0334645,0.00100878,0
1110000,pygmaeus,NA,39.6353,0.705776,-0.0122078,0.451934,0
1120000,gaigei,parilis,0,0.288015,-0.0434675,0.0016906,0
1120000,bonairensis,NA,50.0873,0.14144,0.0521807,0.0604148,0
1130000,gaigei,parilis,0,0.365725,-0.0479113,0.00262096,0
1140000,gaigei,parilis,0,0.360339,-0.0478969,0.00308001,0
1150000,gaigei,parilis,0,0.357934,-0.0487913,0.00551531,0
1160000,gaigei,parilis,0,0.375223,-0.0512267,0.000244416,0
1160000,garridoi,guazuma,50.9319,0.248416,-0.0276452,0.101553,0
1170000,gaigei,parilis,0,0.40308,-0.049739,0.00147337,0
1180000,gaigei,parilis,0,0.333987,-0.048798,0.000267514,0
1180000,homolechis,NA,50.4049,0.261089,-0.01845,0.440044,0
1190000,gaigei,parilis,0,0.326146,-0.0452972,1.72653e-005,0
1200000,gaigei,parilis,0,0.255858,-0.038477,0.00510572,0
1210000,gaigei,parilis,0,0.449208,-0.0528508,0.00244279,0
1220000,gaigei,parilis,0,0.461542,-0.0510176,0.0161792,0
1230000,gaigei,parilis,0,0.407733,-0.0529089,0.00257752,0
1240000,gaigei,parilis,0,0.315046,-0.0453592,0.00108409,0
1250000,gaigei,parilis,0,0.293333,-0.0440701,0.00388106,0
1260000,gaigei,parilis,0,0.331526,-0.0457019,9.29046e-005,0
1270000,gaigei,parilis,0,0.511309,-0.0604111,0.000246588,0
1280000,gaigei,parilis,0,0.406332,-0.0502049,0.00750535,0
1290000,gaigei,parilis,0,0.398602,-0.0499365,0.00545388,0
1300000,gaigei,parilis,0,0.36837,-0.0482102,0.00198328,0
1300000,bimaculatus,NA,46.7962,0.0319852,-0.0327127,0.00165257,0
1310000,gaigei,parilis,0,0.38294,-0.0498163,0.000344049,0
1320000,gaigei,parilis,0,0.376223,-0.0469413,0.000148517,0
1330000,gaigei,parilis,0,0.409136,-0.0505844,0.0056658,0
1340000,gaigei,parilis,0,0.329326,-0.0440262,0.00388134,0
1350000,gaigei,parilis,0,0.359017,-0.048483,0.00110529,0
1360000,gaigei,parilis,0,0.313656,-0.0430568,0.00566876,0
1370000,gaigei,parilis,0,0.442458,-0.056032,0.00163711,0
1370000,smallwoodi,equestris,46.9442,0.587442,0.00995128,0.546421,0
1380000,gaigei,parilis,0,0.307618,-0.0450193,0.00804965,0
1390000,gaigei,parilis,0,0.361489,-0.046086,0.00948573,0
1400000,gaigei,parilis,0,0.416638,-0.0504139,0.00329275,0
1410000,gaigei,parilis,0,0.302952,-0.044448,0.00102758,0
1420000,gaigei,parilis,0,0.347368,-0.0449011,0.00528154,0
1430000,gaigei,parilis,0,0.360514,-0.0476551,0.000704066,0
1430000,liogaster,NA,49.037,0.429012,-0.000949061,0.285815,0
1440000,gaigei,parilis,0,0.300203,-0.0449378,0.00053049,0
1440000,luciae,NA,49.5623,0.132112,-0.00524216,0.0973474,0
1450000,gaigei,parilis,0,0.448867,-0.0532204,0.00106819,0
1460000,gaigei,parilis,0,0.37801,-0.0497975,0.00172714,0
1470000,gaigei,parilis,0,0.470621,-0.0545874,0.000543097,0
1480000,gaigei,parilis,0,0.33764,-0.0472324,0.00177308,0
1490000,gaigei,parilis,0,0.4047,-0.0484511,0.0115774,0
1500000,gaigei,parilis,0,0.420855,-0.0522387,0.00250848,0
1510000,gaigei,parilis,0,0.3193,-0.0433748,0.0051492,0
1520000,gaigei,parilis,0,0.270916,-0.0428155,0.000483567,0
1530000,gaigei,parilis,0,0.365864,-0.0471586,0.00725652,0
1540000,gaigei,parilis,0,0.303765,-0.0462348,0.00109346,0
1550000,gaigei,parilis,0,0.398581,-0.0514137,0.00255679,0
1550000,agassizi,NA,47.5192,0.208976,-0.054673,0.00128326,0
1560000,gaigei,parilis,0,0.285432,-0.0434911,0.00263496,0
1570000,gaigei,parilis,0,0.288567,-0.0459601,0.000647109,0
1580000,gaigei,parilis,0,0.347325,-0.0453154,0.00312909,0
1590000,gaigei,parilis,0,0.331258,-0.0453991,0.00822122,0
1590000,smallwoodi,equestris,40.8474,0.52894,-0.0579268,0.328197,0
1600000,gaigei,parilis,0,0.331657,-0.0447805,0.00188028,0
1610000,gaigei,parilis,0,0.300982,-0.043812,0.00303079,0
1620000,gaigei,parilis,0,0.312626,-0.0435185,0.000969607,0
1630000,gaigei,parilis,0,0.311135,-0.0447586,0.000127705,0
1640000,gaigei,parilis,0,0.466005,-0.052145,0.015312,0
1650000,gaigei,parilis,0,0.353572,-0.0457297,0.00373484,0
1660000,gaigei,parilis,0,0.509111,-0.056521,0.00658635,0
1660000,pseudokemptoni,NA,50.1468,0.453454,0.0155938,0.129645,0
1670000,gaigei,parilis,0,0.297064,-0.0415783,0.00612116,0
1680000,gaigei,parilis,0,0.369988,-0.0507428,5.38199e-005,0
1690000,gaigei,parilis,0,0.352819,-0.0443205,0.0052395,0
1700000,gaigei,parilis,0,0.224982,-0.0396647,0.00112099,0
1710000,gaigei,parilis,0,0.362031,-0.0489517,0.00753866,0
1720000,gaigei,parilis,0,0.359401,-0.0473447,0.00213622,0
1730000,gaigei,parilis,0,0.433596,-0.0534134,0.004492,0
1740000,gaigei,parilis,0,0.385724,-0.0510187,0.000934691,0
1750000,gaigei,parilis,0,0.305149,-0.0439877,0.00610764,0
1760000,gaigei,parilis,0,0.41135,-0.0510862,0.0051991,0
1770000,gaigei,parilis,0,0.230553,-0.0358979,0.0011653,0
1780000,gaigei,parilis,0,0.336687,-0.0472948,0.000565485,0
1790000,gaigei,parilis,0,0.363803,-0.0465294,0.00124751,0
1790000,strahmi,NA,46.8408,0.104897,0.00284168,0.210037,0
1800000,gaigei,parilis,0,0.358664,-0.0493813,0.00461962,0
1810000,gaigei,parilis,0,0.316855,-0.045726,0.00387792,0
1810000,smallwoodi,equestris,31.0891,0.169202,0.018217,0.00946807,0
1820000,gaigei,parilis,0,0.320725,-0.0453532,0.00111798,0
1820000,smallwoodi,equestris,41.9396,0.399721,0.0395031,0.375964,0
1830000,gaigei,parilis,0,0.35784,-0.0484826,0.00287715,0
1840000,gaigei,parilis,0,0.321446,-0.0458211,0.00392322,0
1840000,altae,NA,48.2425,0.0170406,0.0328249,0.0999649,0
1850000,gaigei,parilis,0,0.319467,-0.0444849,0.00437298,0
1850000,occultus,NA,47.6733,0.74536,-0.0106328,1.13407,0
1860000,gaigei,parilis,0,0.433968,-0.0544785,0.00123537,0
1870000,gaigei,parilis,0,0.31808,-0.0460674,0.000111847,0
1870000,smallwoodi,equestris,21.0931,0.912656,-0.0215834,0.552771,0
1880000,gaigei,parilis,0,0.28229,-0.0414551,0.0037974,0
1890000,gaigei,parilis,0,0.394449,-0.0507963,0.000149271,0
1900000,gaigei,parilis,0,0.432891,-0.0497058,0.0138103,0
1910000,gaigei,parilis,0,0.330509,-0.0436533,0.000895682,0
1920000,gaigei,parilis,0,0.332952,-0.0477069,0.00237303,0
1930000,gaigei,parilis,0,0.236681,-0.0338721,0.00215918,0
1940000,gaigei,parilis,0,0.350401,-0.048463,0.0027843,0
1950000,gaigei,parilis,0,0.310366,-0.0440431,0.000299073,0
1960000,gaigei,parilis,0,0.346047,-0.0485771,0.00786599,0
1970000,gaigei,parilis,0,0.240791,-0.0355041,0.00879659,0
1980000,gaigei,parilis,0,0.278655,-0.0415492,0.00271708,0
1990000,gaigei,parilis,0,0.300228,-0.0410049,0.00502672,0
2000000,gaigei,parilis,0,0.342895,-0.0472767,0.00767309,0
2010000,gaigei,parilis,0,0.458284,-0.0538232,0.00737965,0
2020000,gaigei,parilis,0,0.32908,-0.048087,0.00602056,0
2030000,gaigei,parilis,0,0.254413,-0.0389116,5.11763e-005,0
2040000,gaigei,parilis,0,0.278908,-0.0402437,0.00542666,0
2050000,gaigei,parilis,0,0.268286,-0.0424251,0.00122618,0
2060000,gaigei,parilis,0,0.379832,-0.0473338,0.00627239,0
2070000,gaigei,parilis,0,0.389817,-0.0498282,0.00796046,0
2080000,gaigei,parilis,0,0.299472,-0.0426195,0.00283888,0
2090000,gaigei,parilis,0,0.374461,-0.0458087,0.00581022,0
2100000,gaigei,parilis,0,0.378511,-0.0480833,0.00559967,0
2110000,gaigei,parilis,0,0.306928,-0.0412927,0.00587758,0
2120000,gaigei,parilis,0,0.470727,-0.055788,0.00298233,0
2130000,gaigei,parilis,0,0.509604,-0.0589765,0.00910517,0
2140000,gaigei,parilis,0,0.465754,-0.0543574,0.00266302,0
2150000,gaigei,parilis,0,0.313291,-0.0458951,0.000786744,0
2160000,gaigei,parilis,0,0.256684,-0.0373492,0.00193463,0
2170000,gaigei,parilis,0,0.324258,-0.0425482,0.00446249,0
2180000,gaigei,parilis,0,0.282941,-0.0406316,0.00127269,0
2190000,gaigei,parilis,0,0.25236,-0.0369629,0.00281071,0
2200000,gaigei,parilis,0,0.376979,-0.0486735,0.00470752,0
2210000,gaigei,parilis,0,0.387549,-0.0482711,0.00517268,0
2210000,occultus,NA,40.3011,0.0645661,0.0106543,0.465604,0
2220000,gaigei,parilis,0,0.332534,-0.0479554,0.0028382,0
2230000,gaigei,parilis,0,0.393971,-0.051195,0.000677976,0
2240000,gaigei,parilis,0,0.470259,-0.0549427,0.000921392,0
2250000,gaigei,parilis,0,0.341876,-0.046459,0.0102267,0
2260000,gaigei,parilis,0,0.323457,-0.0446123,0.00147062,0
2270000,gaigei,parilis,0,0.270456,-0.0410869,0.00297706,0
2270000,shrevei,NA,44.3847,0.0611675,-0.0138584,0.201669,0
2280000,gaigei,parilis,0,0.394335,-0.0507966,0.00406776,0
2290000,gaigei,parilis,0,0.369337,-0.0494812,0.00357085,0
2300000,gaigei,parilis,0,0.403653,-0.052881,0.00681642,0
2310000,gaigei,parilis,0,0.480466,-0.0577853,0.00796835,0
2320000,gaigei,parilis,0,0.409174,-0.0511657,0.00210794,0
2330000,gaigei,parilis,0,0.281976,-0.0429249,0.0060146,0
2340000,gaigei,parilis,0,0.436526,-0.0505949,0.00200502,0
2350000,gaigei,parilis,0,0.407322,-0.0492768,0.00576973,0
2360000,gaigei,parilis,0,0.311301,-0.0427762,0.0015162,0
2370000,gaigei,parilis,0,0.326108,-0.0488433,0.000334266,0
2380000,gaigei,parilis,0,0.445981,-0.0545712,0.00966261,0
2390000,gaigei,parilis,0,0.355844,-0.0499826,0.0026247,0
2400000,gaigei,parilis,0,0.274348,-0.040162,0.000538183,0
2410000,gaigei,parilis,0,0.352154,-0.0465533,0.00306092,0
2420000,gaigei,parilis,0,0.342229,-0.0451491,0.000507109,0
2430000,gaigei,parilis,0,0.307696,-0.0414888,0.0004434,0
2440000,gaigei,parilis,0,0.402411,-0.0470927,0.0129822,0
2450000,gaigei,parilis,0,0.300656,-0.0456267,0.00148705,0
2460000,gaigei,parilis,0,0.423183,-0.0520586,0.0115912,0
2470000,gaigei,parilis,0,0.366531,-0.0476386,0.0103594,0
2480000,gaigei,parilis,0,0.367864,-0.0492799,0.000897264,0
2490000,gaigei,parilis,0,0.385993,-0.0492324,0.0140647,0
2500000,gaigei,parilis,0,0.474838,-0.0553747,0.00246936,0
2510000,gaigei,parilis,0,0.330488,-0.044505,0.00366583,0
2520000,gaigei,parilis,0,0.393137,-0.0512224,0.00968865,0
2530000,gaigei,parilis,0,0.33496,-0.0477293,0.00261782,0
2540000,gaigei,parilis,0,0.361419,-0.0482992,0.00148012,0
2550000,gaigei,parilis,0,0.341796,-0.0470456,0.00379977,0
2560000,gaigei,parilis,0,0.327591,-0.0435493,0.00330194,0
2570000,gaigei,parilis,0,0.257885,-0.0381753,0.00637707,0
2580000,gaigei,parilis,0,0.286862,-0.0410695,0.00339333,0
2590000,gaigei,parilis,0,0.345376,-0.0441793,0.00782866,0
2600000,gaigei,parilis,0,0.277457,-0.0446616,0.00254152,0
2600000,maculigula,NA,47.836,0.221316,-0.00775353,0.287488,0
2610000,gaigei,parilis,0,0.334372,-0.0480248,0.00281004,0
2620000,gaigei,parilis,0,0.308014,-0.0435333,0.00631026,0
2630000,gaigei,parilis,0,0.267166,-0.0437478,0.0024282,0
2640000,gaigei,parilis,0,0.356212,-0.0465664,0.000792329,0
2650000,gaigei,parilis,0,0.254271,-0.0374589,0.00303682,0
2660000,gaigei,parilis,0,0.568041,-0.0582531,0.00814388,0
2670000,gaigei,parilis,0,0.383397,-0.0498039,0.000992956,0
2680000,gaigei,parilis,0,0.264945,-0.0410083,0.00149928,0
2680000,barbouri,NA,40.5417,0.40997,-0.00578098,0.406459,0
2690000,gaigei,parilis,0,0.444426,-0.0515442,0.00143227,0
2700000,gaigei,parilis,0,0.442672,-0.0568696,0.00495253,0
2710000,gaigei,parilis,0,0.350756,-0.0472046,0.0108909,0
2720000,gaigei,parilis,0,0.326685,-0.0473809,0.00129731,0
2730000,gaigei,parilis,0,0.367723,-0.0495073,0.00120614,0
2740000,gaigei,parilis,0,0.329347,-0.0437807,0.00280935,0
2750000,gaigei,parilis,0,0.298258,-0.0397817,0.000910463,0
2760000,gaigei,parilis,0,0.324995,-0.0437635,0.00922464,0
2770000,gaigei,parilis,0,0.462225,-0.052282,0.00665473,0
2780000,gaigei,parilis,0,0.390844,-0.0502408,0.00380491,0
2790000,gaigei,parilis,0,0.449292,-0.052847,0.0046894,0
2790000,occultus,NA,43.0922,0.0526108,0.0133116,0.433528,0
2800000,gaigei,parilis,0,0.342931,-0.0465306,0.00744433,0
2810000,gaigei,parilis,0,0.455185,-0.0548035,0.00241664,0
2820000,gaigei,parilis,0,0.259537,-0.0372016,0.00875457,0
2830000,gaigei,parilis,0,0.294374,-0.0401216,0.0095711,0
2840000,gaigei,parilis,0,0.295043,-0.0441827,0.00377423,0
2850000,gaigei,parilis,0,0.40147,-0.0502265,0.00240366,0
2860000,gaigei,parilis,0,0.402201,-0.0522418,0.00182381,0
2870000,gaigei,parilis,0,0.38503,-0.046453,0.0135527,0
2880000,gaigei,parilis,0,0.426677,-0.0523656,0.00220883,0
2890000,gaigei,parilis,0,0.342027,-0.0473548,0.00435505,0
2900000,gaigei,parilis,0,0.356673,-0.0468324,0.00295313,0
2910000,gaigei,parilis,0,0.391841,-0.0510827,0.000812958,0
2920000,gaigei,parilis,0,0.400077,-0.0509118,0.00362251,0
2930000,gaigei,parilis,0,0.496311,-0.0543747,0.011566,0
2940000,gaigei,parilis,0,0.541383,-0.0596646,0.00453948,0
2950000,gaigei,parilis,0,0.355773,-0.0498026,0.00170662,0
2950000,aquaticus,NA,44.4157,0.0166597,-0.0215777,0.0317461,0
2960000,gaigei,parilis,0,0.434204,-0.0516326,0.00370694,0
2970000,gaigei,parilis,0,0.336652,-0.043659,0.000738458,0
2980000,gaigei,parilis,0,0.352865,-0.0471812,0.00758949,0
2990000,gaigei,parilis,0,0.439617,-0.0529407,0.00357333,0
3000000,gaigei,parilis,0,0.293056,-0.0420471,0.00488758,0
3010000,gaigei,parilis,0,0.225318,-0.0360161,0.00586815,0
3020000,gaigei,parilis,0,0.371333,-0.0471286,0.00661661,0
3030000,gaigei,parilis,0,0.50902,-0.0546129,0.00683948,0
3040000,gaigei,parilis,0,0.299265,-0.0433861,0.010118,0
3050000,gaigei,parilis,0,0.393163,-0.0504119,0.000408846,0
3060000,gaigei,parilis,0,0.350767,-0.0491191,0.00281513,0
3070000,gaigei,parilis,0,0.29566,-0.0451788,0.00039649,0
3080000,gaigei,parilis,0,0.298075,-0.042327,0.00592291,0
3090000,gaigei,parilis,0,0.258392,-0.0376782,0.00849023,0
3100000,gaigei,parilis,0,0.360996,-0.0467583,0.00114249,0
3100000,scypheus,NA,41.9312,0.468087,-0.0110027,0.0144969,0
3110000,gaigei,parilis,0,0.394603,-0.0468194,0.0096971,0
3120000,gaigei,parilis,0,0.388775,-0.0475493,0.00646549,0
3130000,gaigei,parilis,0,0.313243,-0.0449451,0.00226671,0
3140000,gaigei,parilis,0,0.293686,-0.0417181,0.00233351,0
3150000,gaigei,parilis,0,0.31026,-0.0428757,0.00162164,0
3160000,gaigei,parilis,0,0.397402,-0.0476383,0.000804446,0
3170000,gaigei,parilis,0,0.431452,-0.0516895,0.00161503,0
3180000,gaigei,parilis,0,0.366031,-0.0482707,0.00339867,0
3190000,gaigei,parilis,0,0.401914,-0.0549422,0.00413674,0
3200000,gaigei,parilis,0,0.349805,-0.0453841,0.000744407,0
3210000,gaigei,parilis,0,0.341197,-0.0459553,0.00347794,0
3220000,gaigei,parilis,0,0.292344,-0.040172,0.00170934,0
3230000,gaigei,parilis,0,0.258337,-0.0426994,0.00166029,0
3240000,gaigei,parilis,0,0.356779,-0.0490566,0.0013405,0
3250000,gaigei,parilis,0,0.315975,-0.0416918,0.000507115,0
3260000,gaigei,parilis,0,0.298136,-0.0420851,0.00319639,0
3270000,gaigei,parilis,0,0.404365,-0.0497473,0.00272805,0
3280000,gaigei,parilis,0,0.285991,-0.0451781,0.000826733,0
3290000,gaigei,parilis,0,0.290234,-0.0408973,0.00518786,0
3300000,gaigei,parilis,0,0.330397,-0.0468221,0.00367764,0
3310000,gaigei,parilis,0,0.398858,-0.0485089,0.00946291,0
3320000,gaigei,parilis,0,0.299299,-0.0470515,0.000303155,0
3330000,gaigei,parilis,0,0.289016,-0.0419219,0.00268016,0
3340000,gaigei,parilis,0,0.338344,-0.0444194,0.00838533,0
3350000,gaigei,parilis,0,0.33009,-0.0460776,0.00355199,0
3360000,gaigei,parilis,0,0.271275,-0.0421507,0.00332983,0
3370000,gaigei,parilis,0,0.249631,-0.0369127,0.000196338,0
3380000,gaigei,parilis,0,0.409684,-0.0510958,0.000929396,0
3390000,gaigei,parilis,0,0.336034,-0.0473453,0.00428395,0
3400000,gaigei,parilis,0,0.409201,-0.05257,0.0012313,0
3410000,gaigei,parilis,0,0.353055,-0.0474367,0.00171509,0
3420000,gaigei,parilis,0,0.369712,-0.0486275,0.00363866,0
3420000,smallwoodi,equestris,46.0917,0.171121,0.00216625,0.0976078,0
3430000,gaigei,parilis,0,0.400716,-0.0470053,0.00501271,0
3430000,shrevei,NA,49.1016,0.155952,0.0020726,0.364009,0
3440000,gaigei,parilis,0,0.330534,-0.0452053,2.41777e-005,0
3450000,gaigei,parilis,0,0.357505,-0.0474336,0.00157845,0
3460000,gaigei,parilis,0,0.448035,-0.0524145,0.00930312,0
3470000,gaigei,parilis,0,0.348335,-0.0494976,0.000281667,0
3480000,gaigei,parilis,0,0.33634,-0.0425005,0.00889133,0
3490000,gaigei,parilis,0,0.253811,-0.0380187,0.00379623,0
3500000,gaigei,parilis,0,0.484662,-0.056422,0.00137468,0
3510000,gaigei,parilis,0,0.260102,-0.0401657,0.00141083,0
3520000,gaigei,parilis,0,0.370461,-0.0463278,0.00359039,0
3530000,gaigei,parilis,0,0.312629,-0.0443192,0.00321709,0
3540000,gaigei,parilis,0,0.365228,-0.0486349,0.000390577,0
3550000,gaigei,parilis,0,0.354166,-0.0465058,0.00515516,0
3560000,gaigei,parilis,0,0.361769,-0.0510198,0.000583918,0
3570000,gaigei,parilis,0,0.409722,-0.0521651,0.00583682,0
3580000,gaigei,parilis,0,0.420254,-0.051297,0.000390213,0
3590000,gaigei,parilis,0,0.358267,-0.0468147,0.0049183,0
3600000,gaigei,parilis,0,0.295733,-0.0444965,0.00156828,0
3610000,gaigei,parilis,0,0.383004,-0.0470561,0.0143075,0
3620000,gaigei,parilis,0,0.285988,-0.0401419,0.00386226,0
3630000,gaigei,parilis,0,0.300624,-0.0392341,0.00217327,0
3640000,gaigei,parilis,0,0.337527,-0.0451725,0.0031883,0
3650000,gaigei,parilis,0,0.42568,-0.0525994,0.00386019,0
3660000,gaigei,parilis,0,0.409585,-0.0500582,0.00246091,0
3670000,gaigei,parilis,0,0.347313,-0.0486624,0.000577285,0
3680000,gaigei,parilis,0,0.3239,-0.0446244,0.000411801,0
3690000,gaigei,parilis,0,0.282249,-0.0411097,0.00658359,0
3700000,gaigei,parilis,0,0.360356,-0.0488676,0.000181512,0
3710000,gaigei,parilis,0,0.327655,-0.0435406,0.00962921,0
3720000,gaigei,parilis,0,0.333569,-0.045387,0.00164619,0
3730000,gaigei,parilis,0,0.290343,-0.0418569,0.00215401,0
3740000,gaigei,parilis,0,0.350109,-0.0491203,0.00334654,0
3750000,gaigei,parilis,0,0.440504,-0.0530496,0.00185941,0
3760000,gaigei,parilis,0,0.39259,-0.0495845,0.0039163,0
3770000,gaigei,parilis,0,0.468669,-0.0568823,0.00439429,0
3780000,gaigei,parilis,0,0.37203,-0.0481833,0.00213567,0
3780000,biporcatus,NA,46.3423,0.387238,0.0120851,0.693307,0
3790000,gaigei,parilis,0,0.36546,-0.0482788,0.0105822,0
3800000,gaigei,parilis,0,0.327227,-0.0447363,0.00860609,0
3810000,gaigei,parilis,0,0.419272,-0.0561289,0.00210186,0
3820000,gaigei,parilis,0,0.471842,-0.055159,0.00611769,0
3830000,gaigei,parilis,0,0.40919,-0.0489341,0.00045107,0
3830000,subocularis,NA,39.9334,0.161455,0.014729,0.225114,0
3840000,gaigei,parilis,0,0.450145,-0.0537981,0.00160852,0
3850000,gaigei,parilis,0,0.246388,-0.039107,0.00836817,0
3860000,gaigei,parilis,0,0.329363,-0.0410243,0.0179001,0
3870000,gaigei,parilis,0,0.349934,-0.0505711,0.00367182,0
3870000,smallwoodi,equestris,40.1669,0.297591,0.0245148,0.419071,0
3880000,gaigei,parilis,0,0.358328,-0.0452006,0.00367269,0
3890000,gaigei,parilis,0,0.348521,-0.0484577,0.00247236,0
3900000,gaigei,parilis,0,0.444776,-0.0508746,0.0201982,0
3910000,gaigei,parilis,0,0.325274,-0.0453297,0.000370177,0
3920000,gaigei,parilis,0,0.285549,-0.0406377,0.0013914,0
3930000,gaigei,parilis,0,0.307334,-0.0419679,0.00777422,0
3940000,gaigei,parilis,0,0.493545,-0.0559941,0.00329758,0
3950000,gaigei,parilis,0,0.388387,-0.0498435,0.00478977,0
3960000,gaigei,parilis,0,0.258384,-0.0387071,0.00827335,0
3970000,gaigei,parilis,0,0.297507,-0.0445397,3.68917e-005,0
3980000,gaigei,parilis,0,0.295856,-0.0452486,0.00194377,0
3990000,gaigei,parilis,0,0.284531,-0.0395915,0.00177558,0
4000000,gaigei,parilis,0,0.269182,-0.0400251,0.00440049,0
4010000,gaigei,parilis,0,0.35176,-0.0454851,0.00911321,0
4020000,gaigei,parilis,0,0.424053,-0.05051,0.00175676,0
4020000,inexpectatus,NA,49.1018,0.203896,-0.0177336,0.102954,0
4030000,gaigei,parilis,0,0.348807,-0.0462575,0.00250586,0
4040000,gaigei,parilis,0,0.313884,-0.0457441,0.00292038,0
4050000,gaigei,parilis,0,0.359603,-0.0464016,0.00524845,0
4060000,gaigei,parilis,0,0.284931,-0.043864,0.00129222,0
4070000,gaigei,parilis,0,0.324404,-0.0457701,0.00438447,0
4080000,gaigei,parilis,0,0.364891,-0.0488369,0.00246144,0
4080000,gadovii,NA,42.4224,0.302177,-0.0095499,0.420942,0
4090000,gaigei,parilis,0,0.314472,-0.0458202,0.00414341,0
4100000,gaigei,parilis,0,0.313931,-0.0455738,0.00297069,0
4110000,gaigei,parilis,0,0.327859,-0.0472075,0.00272454,0
4120000,gaigei,parilis,0,0.275208,-0.0390583,0.00283493,0
4130000,gaigei,parilis,0,0.336789,-0.0464476,0.00403777,0
4140000,gaigei,parilis,0,0.427013,-0.0530292,0.0052974,0
4150000,gaigei,parilis,0,0.382579,-0.0504733,0.00121553,0
4160000,gaigei,parilis,0,0.220955,-0.0393617,0.000126505,0
4170000,gaigei,parilis,0,0.315084,-0.0429545,0.0039013,0
4180000,gaigei,parilis,0,0.45054,-0.0529096,0.00798795,0
4190000,gaigei,parilis,0,0.426474,-0.0539391,0.00907535,0
4200000,gaigei,parilis,0,0.308295,-0.0436077,0.000540151,0
4210000,gaigei,parilis,0,0.38703,-0.0477742,0.00799448,0
4220000,gaigei,parilis,0,0.398608,-0.0525325,0.00168684,0
4230000,gaigei,parilis,0,0.345657,-0.0440249,0.00202715,0
4240000,gaigei,parilis,0,0.360566,-0.0468942,0.00100741,0
4250000,gaigei,parilis,0,0.339014,-0.0486867,7.04857e-005,0
4260000,gaigei,parilis,0,0.371185,-0.0525471,0.00215523,0
4270000,gaigei,parilis,0,0.382098,-0.0509159,0.00772375,0
4270000,sminthus,NA,36.0689,0.0467336,-0.00591759,0.0409299,0
4280000,gaigei,parilis,0,0.395365,-0.0493179,0.00340119,0
4290000,gaigei,parilis,0,0.39002,-0.0485961,0.0147162,0
4300000,gaigei,parilis,0,0.397379,-0.0500762,0.000842871,0
4310000,gaigei,parilis,0,0.326006,-0.0452852,0.00305576,0
4320000,gaigei,parilis,0,0.393039,-0.0503783,0.00714822,0
4320000,dominicensis,NA,50.8542,0.240856,0.00110206,0.466788,0
4330000,gaigei,parilis,0,0.358365,-0.0478392,0.00576153,0
4340000,gaigei,parilis,0,0.436163,-0.0528339,0.00550382,0
4350000,gaigei,parilis,0,0.294612,-0.0443505,0.00250955,0
4360000,gaigei,parilis,0,0.408853,-0.0497568,0.00387465,0
4370000,gaigei,parilis,0,0.400684,-0.0489641,0.001147,0
4380000,gaigei,parilis,0,0.224648,-0.0367889,0.00566588,0
4390000,gaigei,parilis,0,0.262867,-0.0410693,0.0021944,0
4400000,gaigei,parilis,0,0.313274,-0.0461317,0.00210451,0
4410000,gaigei,parilis,0,0.380389,-0.0500718,0.00170528,0
4420000,gaigei,parilis,0,0.356071,-0.0471346,0.0040864,0
4430000,gaigei,parilis,0,0.278696,-0.0395303,0.00919637,0
4440000,gaigei,parilis,0,0.26451,-0.0407633,0.00162512,0
4450000,gaigei,parilis,0,0.429483,-0.051154,0.00353429,0
4460000,gaigei,parilis,0,0.226976,-0.0373672,0.00164165,0
4470000,gaigei,parilis,0,0.38397,-0.0479845,0.0004207,0
4480000,gaigei,parilis,0,0.34966,-0.0486584,0.00216008,0
4490000,gaigei,parilis,0,0.330187,-0.0463755,0.00499524,0
4500000,gaigei,parilis,0,0.305909,-0.0425878,0.00144361,0
4510000,gaigei,parilis,0,0.379834,-0.0500737,0.00419871,0
4520000,gaigei,parilis,0,0.369041,-0.0471215,0.00157349,0
4530000,gaigei,parilis,0,0.434911,-0.0531613,0.00176239,0
4540000,gaigei,parilis,0,0.514946,-0.0566285,0.00185504,0
4550000,gaigei,parilis,0,0.380046,-0.0469083,0.0080853,0
4560000,gaigei,parilis,0,0.368774,-0.0476307,0.00233954,0
4570000,gaigei,parilis,0,0.273554,-0.0384415,0.00700942,0
4580000,gaigei,parilis,0,0.309814,-0.0440794,0.00227062,0
4590000,gaigei,parilis,0,0.262874,-0.0415418,0.000797492,0
4600000,gaigei,parilis,0,0.345232,-0.0466802,0.00043766,0
4610000,gaigei,parilis,0,0.236159,-0.03937,0.000572218,0
4610000,smallwoodi,equestris,46.0358,0.397899,-0.0390077,0.444908,0
4620000,gaigei,parilis,0,0.291875,-0.0401538,0.00216353,0
4620000,garridoi,guazuma,41.8527,0.704384,-0.0152151,0.699751,0
4630000,gaigei,parilis,0,0.374783,-0.0492771,0.000763887,0
4640000,gaigei,parilis,0,0.454725,-0.0505334,0.0158649,0
4650000,gaigei,parilis,0,0.437967,-0.0513898,0.00237838,0
4660000,gaigei,parilis,0,0.372432,-0.047787,0.00293162,0
4670000,gaigei,parilis,0,0.321036,-0.0442008,7.42779e-005,0
4680000,gaigei,parilis,0,0.296073,-0.0403112,0.00366554,0
4690000,gaigei,parilis,0,0.277034,-0.0401546,0.00887566,0
4700000,gaigei,parilis,0,0.256082,-0.0371716,0.00452561,0
4700000,pentaprion,NA,49.9504,0.50145,-0.0351927,0.294677,0
4710000,gaigei,parilis,0,0.335397,-0.047142,0.00171939,0
4720000,gaigei,parilis,0,0.341367,-0.0470295,0.000832299,0
4730000,gaigei,parilis,0,0.329175,-0.0411785,0.00805717,0
4740000,gaigei,parilis,0,0.290525,-0.0441817,0.000983773,0
4750000,gaigei,parilis,0,0.346987,-0.0463955,0.000226467,0
4760000,gaigei,parilis,0,0.259845,-0.038052,0.00517496,0
4770000,gaigei,parilis,0,0.343306,-0.0477511,0.00056457,0
4780000,gaigei,parilis,0,0.398614,-0.0460819,0.0149032,0
4780000,calimae,NA,38.1754,0.0838569,0.00864251,0.0395924,0
4790000,gaigei,parilis,0,0.333175,-0.0476317,0.000918207,0
4800000,gaigei,parilis,0,0.423062,-0.0558328,0.000704804,0
4810000,gaigei,parilis,0,0.353379,-0.0466402,0.000199791,0
4820000,gaigei,parilis,0,0.34433,-0.0463405,0.00117777,0
4830000,gaigei,parilis,0,0.428225,-0.0533651,0.00170483,0
4840000,gaigei,parilis,0,0.369394,-0.049462,0.00406933,0
4850000,gaigei,parilis,0,0.307766,-0.0412339,0.000261555,0
4860000,gaigei,parilis,0,0.380726,-0.0489954,0.00552457,0
4870000,gaigei,parilis,0,0.402765,-0.0494882,0.00223994,0
4880000,gaigei,parilis,0,0.297484,-0.041797,8.03943e-005,0
4890000,gaigei,parilis,0,0.371853,-0.0482013,0.00162627,0
4900000,gaigei,parilis,0,0.3772,-0.049799,0.00190465,0
4910000,gaigei,parilis,0,0.343387,-0.0500509,0.00565757,0
4910000,gaigei,capito,23.8348,0.298543,-0.0593943,0.0058645,0
4920000,gaigei,parilis,0,0.31508,-0.039906,0.00713701,0
4930000,gaigei,parilis,0,0.397554,-0.0516425,0.00251017,0
4940000,gaigei,parilis,0,0.488447,-0.0566359,0.00756178,0
4950000,gaigei,parilis,0,0.370132,-0.0516947,0.00522227,0
4960000,gaigei,parilis,0,0.286985,-0.0388417,0.000139991,0
4970000,gaigei,parilis,0,0.326229,-0.0450453,0.00365103,0
4980000,gaigei,parilis,0,0.336044,-0.0462234,1.09914e-005,0
4990000,gaigei,parilis,0,0.308562,-0.0385993,0.0161298,0
5000000,gaigei,parilis,0,0.336335,-0.0440636,0.0100912,0
5010000,gaigei,parilis,0,0.464528,-0.0515475,0.00680929,0
5020000,gaigei,parilis,0,0.320914,-0.0434895,0.0051507,0
5030000,gaigei,parilis,0,0.443082,-0.0561974,0.000917626,0
5040000,gaigei,parilis,0,0.416592,-0.0514906,0.00270502,0
5050000,gaigei,parilis,0,0.376082,-0.0494051,0.00151235,0
5060000,gaigei,parilis,0,0.35991,-0.0478384,0.00352451,0
5070000,gaigei,parilis,0,0.38673,-0.0505714,0.00629386,0
5080000,gaigei,parilis,0,0.350845,-0.0464665,0.00374402,0
5090000,gaigei,parilis,0,0.283019,-0.0416502,0.000602706,0
5090000,ginaelisae,NA,49.6731,0.453776,0.00135959,0.620952,0
5100000,gaigei,parilis,0,0.29423,-0.0397224,0.0025356,0
5100000,smallwoodi,equestris,43.1618,0.318886,0.0272702,0.542411,0
5110000,gaigei,parilis,0,0.341572,-0.0468191,0.00642936,0
5120000,gaigei,parilis,0,0.492032,-0.0560071,0.000337888,0
5130000,gaigei,parilis,0,0.416049,-0.0499127,0.0100381,0
5140000,gaigei,parilis,0,0.424802,-0.0504825,0.0120406,0
5150000,gaigei,parilis,0,0.388119,-0.0509052,0.000236901,0
5160000,gaigei,parilis,0,0.339343,-0.0431107,0.000142331,0
5170000,gaigei,parilis,0,0.394548,-0.0510784,0.00189372,0
5180000,gaigei,parilis,0,0.296986,-0.0449128,0.0016178,0
5190000,gaigei,parilis,0,0.344003,-0.0478835,8.19068e-005,0
5190000,distichus,aurifer,32.9596,0.15444,0.0153414,0.202267,0
5200000,gaigei,parilis,0,0.333309,-0.0507464,0.00144275,0
5210000,gaigei,parilis,0,0.247467,-0.0353381,0.00247032,0
5220000,gaigei,parilis,0,0.315567,-0.0477612,0.00252494,0
5230000,gaigei,parilis,0,0.540862,-0.0599121,0.00796119,0
5240000,gaigei,parilis,0,0.581987,-0.0591557,0.00357658,0
5240000,extremus,NA,50.2094,0.0925871,-0.041113,0.399669,0
5250000,gaigei,parilis,0,0.363889,-0.0485926,0.00342946,0
5260000,gaigei,parilis,0,0.408112,-0.05259,0.00440462,0
5270000,gaigei,parilis,0,0.263189,-0.0414717,0.0018996,0
5280000,gaigei,parilis,0,0.349334,-0.0458431,0.00138099,0
5290000,gaigei,parilis,0,0.368743,-0.0469187,2.80078e-005,0
5300000,gaigei,parilis,0,0.370662,-0.047885,0.0087133,0
5310000,gaigei,parilis,0,0.262146,-0.0424724,6.61083e-005,0
5320000,gaigei,parilis,0,0.353013,-0.0499216,0.000534714,0
5330000,gaigei,parilis,0,0.330829,-0.0461171,0.00217653,0
5340000,gaigei,parilis,0,0.330797,-0.0465096,0.00536117,0
5350000,gaigei,parilis,0,0.320364,-0.0438702,0.00921407,0
5360000,gaigei,parilis,0,0.293456,-0.0406367,0.00160742,0
5370000,gaigei,parilis,0,0.302983,-0.042303,0.00398389,0
5380000,gaigei,parilis,0,0.358643,-0.0454616,0.00216254,0
5390000,gaigei,parilis,0,0.424806,-0.0484089,0.00427344,0
5400000,gaigei,parilis,0,0.293197,-0.0416725,0.000221588,0
5410000,gaigei,parilis,0,0.332006,-0.0468394,0.000969831,0
5420000,gaigei,parilis,0,0.323244,-0.0452988,0.00309189,0
5430000,gaigei,parilis,0,0.337915,-0.0453226,0.00281491,0
5440000,gaigei,parilis,0,0.367357,-0.0481511,0.00439199,0
5450000,gaigei,parilis,0,0.269198,-0.0415107,0.00853822,0
5460000,gaigei,parilis,0,0.35716,-0.0470787,0.00155325,0
5470000,gaigei,parilis,0,0.428892,-0.0491006,0.0188218,0
5480000,gaigei,parilis,0,0.422321,-0.0541636,0.000880744,0
5490000,gaigei,parilis,0,0.313552,-0.0420059,0.00460468,0
5500000,gaigei,parilis,0,0.281235,-0.0433297,0.000107732,0
5510000,gaigei,parilis,0,0.290107,-0.0430105,0.000312773,0
5520000,gaigei,parilis,0,0.35091,-0.0476516,0.000564702,0
5530000,gaigei,parilis,0,0.245186,-0.0358879,0.00106233,0
5540000,gaigei,parilis,0,0.242034,-0.0394575,0.00309171,0
5550000,gaigei,parilis,0,0.4107,-0.050475,0.0103898,0
5560000,gaigei,parilis,0,0.314013,-0.0434272,0.00849349,0
5560000,rejectus,NA,50.8826,0.812287,0.031947,0.0954782,0
5570000,gaigei,parilis,0,0.322889,-0.044329,0.00839058,0
5580000,gaigei,parilis,0,0.330043,-0.0434149,0.00241126,0
5590000,gaigei,parilis,0,0.373844,-0.0485789,0.00385083,0
5600000,gaigei,parilis,0,0.449724,-0.0525869,0.00166063,0
5610000,gaigei,parilis,0,0.375796,-0.0471317,0.00285894,0
5610000,longiceps,NA,51.2978,0.928976,-0.0140997,0.00148286,0
5620000,gaigei,parilis,0,0.459832,-0.053552,0.00446669,0
5630000,gaigei,parilis,0,0.280539,-0.0422634,0.00112682,0
5640000,gaigei,parilis,0,0.434377,-0.054319,0.012068,0
5650000,gaigei,parilis,0,0.385383,-0.0483268,0.000368619,0
5660000,gaigei,parilis,0,0.246076,-0.0396538,0.000288762,0
5660000,nicefori,NA,49.5922,0.618866,-0.0427087,0.589631,0
5670000,gaigei,parilis,0,0.284421,-0.0422394,0.000776715,0
5670000,macrinii,NA,47.3512,0.320882,-0.0392079,0.00466835,0
5670000,baleatus,NA,49.1353,0.00902177,0.00808267,0.0980566,0
5680000,gaigei,parilis,0,0.326888,-0.0441364,0.00499664,0
5690000,gaigei,parilis,0,0.355369,-0.0493016,0.00256083,0
5700000,gaigei,parilis,0,0.297546,-0.0446134,0.00324192,0
5710000,gaigei,parilis,0,0.383244,-0.0528973,0.00347985,0
5720000,gaigei,parilis,0,0.363706,-0.0456157,0.00442717,0
5730000,gaigei,parilis,0,0.276759,-0.0406509,0.00146044,0
5740000,gaigei,parilis,0,0.227314,-0.0369214,0.000357245,0
5750000,gaigei,parilis,0,0.369244,-0.0448646,0.00733727,0
5760000,gaigei,parilis,0,0.223184,-0.0351808,0.00176052,0
5770000,gaigei,parilis,0,0.418283,-0.05108,0.00853096,0
5780000,gaigei,parilis,0,0.244663,-0.0349337,0.00253486,0
5790000,gaigei,parilis,0,0.350328,-0.0501457,0.00303968,0
5800000,gaigei,parilis,0,0.299174,-0.0436732,0.00198105,0
5810000,gaigei,parilis,0,0.374475,-0.0459503,0.00774054,0
5820000,gaigei,parilis,0,0.304746,-0.0437147,0.00085415,0
5820000,smallwoodi,equestris,43.7386,1.1853,0.0116677,0.880046,0
5830000,gaigei,parilis,0,0.348586,-0.0507798,5.95609e-005,0
5840000,gaigei,parilis,0,0.438767,-0.0517597,0.00751474,0
5850000,gaigei,parilis,0,0.412503,-0.052729,0.000299337,0
5850000,smallwoodi,equestris,41.7589,0.42163,-0.0137487,0.356186,0
5860000,gaigei,parilis,0,0.348556,-0.0495973,0.00278158,0
5870000,gaigei,parilis,0,0.424313,-0.0486652,0.00397413,0
5880000,gaigei,parilis,0,0.477215,-0.0540988,0.00370925,0
5890000,gaigei,parilis,0,0.351139,-0.0496332,0.0012487,0
5890000,barbouri,NA,32.648,0.201468,-0.0349557,0.294358,0
5890000,smallwoodi,equestris,45.4096,0.121972,-0.0312478,0.07603,0
5900000,gaigei,parilis,0,0.298902,-0.0436141,0.000843077,0
5910000,gaigei,parilis,0,0.417638,-0.049858,0.0100608,0
5920000,gaigei,parilis,0,0.331652,-0.0464272,0.00288708,0
5930000,gaigei,parilis,0,0.359108,-0.0468064,0.00534991,0
5940000,gaigei,parilis,0,0.306829,-0.0414202,0.00464653,0
5950000,gaigei,parilis,0,0.356479,-0.0481181,0.00345525,0
5960000,gaigei,parilis,0,0.195617,-0.0317077,0.000693861,0
5970000,gaigei,parilis,0,0.369887,-0.0477578,0.00514798,0
5980000,gaigei,parilis,0,0.355794,-0.0458287,0.0102382,0
5990000,gaigei,parilis,0,0.330509,-0.0465609,0.00340427,0
6000000,gaigei,parilis,0,0.417343,-0.0514761,0.0126108,0
6010000,gaigei,parilis,0,0.315667,-0.0466986,0.0118416,0
6020000,gaigei,parilis,0,0.30626,-0.0424557,0.00445665,0
6030000,gaigei,parilis,0,0.377527,-0.0472877,0.00883638,0
6040000,gaigei,parilis,0,0.3958,-0.0512394,0.00115749,0
6050000,gaigei,parilis,0,0.284189,-0.040295,0.00272686,0
6050000,barbouri,NA,50.7039,0.342773,-0.0157018,0.0835261,0
6060000,gaigei,parilis,0,0.451355,-0.0537535,0.00250039,0
6070000,gaigei,parilis,0,0.332157,-0.0444119,0.00223964,0
6080000,gaigei,parilis,0,0.353738,-0.0475804,0.0078102,0
6090000,gaigei,parilis,0,0.39034,-0.0478881,0.00133835,0
6100000,gaigei,parilis,0,0.268418,-0.0406595,0.00514068,0
6110000,gaigei,parilis,0,0.352628,-0.0453091,0.00245492,0
6120000,gaigei,parilis,0,0.257378,-0.0409664,0.002018,0
6120000,tropidonotus,NA,46.092,0.377946,-0.00879453,0.26253,0
6130000,gaigei,parilis,0,0.402429,-0.0531712,0.00170316,0
6140000,gaigei,parilis,0,0.282964,-0.0431587,0.000486439,0
6140000,smallwoodi,equestris,38.4144,0.360825,-0.0106944,0.0362204,0
6150000,gaigei,parilis,0,0.288703,-0.0409451,0.000231534,0
6160000,gaigei,parilis,0,0.265723,-0.0359804,0.00926337,0
6170000,gaigei,parilis,0,0.320298,-0.0462743,0.00104335,0
6180000,gaigei,parilis,0,0.33221,-0.0476736,0.00326638,0
6190000,gaigei,parilis,0,0.484137,-0.053107,0.0132455,0
6200000,gaigei,parilis,0,0.325719,-0.0458191,0.00628703,0
6210000,gaigei,parilis,0,0.292135,-0.0430312,0.000543414,0
6220000,gaigei,parilis,0,0.333515,-0.0461769,0.00157383,0
6230000,gaigei,parilis,0,0.278379,-0.0396122,0.00207675,0
6240000,gaigei,parilis,0,0.290441,-0.0413473,0.00509884,0
6240000,semilineatus,NA,50.4886,0.00297112,0.00400839,0.827703,0
6250000,gaigei,parilis,0,0.378252,-0.0498836,0.00785015,0
6260000,gaigei,parilis,0,0.301201,-0.0449251,0.00329342,0
6270000,gaigei,parilis,0,0.238481,-0.0375407,0.00169866,0
6280000,gaigei,parilis,0,0.344624,-0.040374,0.0242795,0
6290000,gaigei,parilis,0,0.372339,-0.0491193,0.00503233,0
6300000,gaigei,parilis,0,0.344443,-0.0475942,0.000390874,0
6310000,gaigei,parilis,0,0.275716,-0.0375976,0.00499518,0
6320000,gaigei,parilis,0,0.365296,-0.0468572,0.00619321,0
6330000,gaigei,parilis,0,0.399803,-0.0499688,0.00494342,0
6340000,gaigei,parilis,0,0.437411,-0.0537088,0.00920369,0
6350000,gaigei,parilis,0,0.288812,-0.0441399,0.00123884,0
6360000,gaigei,parilis,0,0.285694,-0.0431575,0.00274706,0
6370000,gaigei,parilis,0,0.337538,-0.0436057,0.00472479,0
6380000,gaigei,parilis,0,0.411032,-0.0495377,0.0162758,0
6390000,gaigei,parilis,0,0.39434,-0.0501096,0.0130479,0
6400000,gaigei,parilis,0,0.43577,-0.0507591,0.00834968,0
6400000,reconditus,NA,39.3109,0.0500509,0.027864,0.206773,0
6410000,gaigei,parilis,0,0.324233,-0.0438244,0.0037217,0
6420000,gaigei,parilis,0,0.348054,-0.0462964,0.00144269,0
6430000,gaigei,parilis,0,0.287536,-0.0438526,0.00364091,0
6440000,gaigei,parilis,0,0.373087,-0.0458576,0.00622853,0
6450000,gaigei,parilis,0,0.278828,-0.0418815,0.00082856,0
6460000,gaigei,parilis,0,0.264114,-0.0394552,0.00169052,0
6470000,gaigei,parilis,0,0.260637,-0.0384821,2.43551e-005,0
6480000,gaigei,parilis,0,0.349813,-0.0498189,0.000234647,0
6490000,gaigei,parilis,0,0.346252,-0.0478767,0.00160335,0
6500000,gaigei,parilis,0,0.393892,-0.0539129,0.00185877,0
6510000,gaigei,parilis,0,0.280621,-0.0423596,8.35397e-005,0
6520000,gaigei,parilis,0,0.342788,-0.0469736,0.00196758,0
6520000,occultus,NA,47.3555,0.0921356,0.00261144,0.175258,0
6530000,gaigei,parilis,0,0.28631,-0.0424398,0.00455157,0
6540000,gaigei,parilis,0,0.450332,-0.0542899,0.00466601,0
6550000,gaigei,parilis,0,0.32726,-0.0450485,0.00419871,0
6560000,gaigei,parilis,0,0.391327,-0.0478043,0.012382,0
6570000,gaigei,parilis,0,0.335862,-0.0476025,0.00255968,0
6580000,gaigei,parilis,0,0.413228,-0.0521081,0.00695668,0
6590000,gaigei,parilis,0,0.3549,-0.0430338,0.00859518,0
6600000,gaigei,parilis,0,0.281437,-0.0420289,0.00323228,0
6610000,gaigei,parilis,0,0.318579,-0.0450493,0.00622743,0
6620000,gaigei,parilis,0,0.281663,-0.0424318,0.00107179,0
6630000,gaigei,parilis,0,0.280775,-0.041669,0.00117365,0
6640000,gaigei,parilis,0,0.292214,-0.0393418,0.00668832,0
6650000,gaigei,parilis,0,0.351756,-0.0473464,0.000155717,0
6660000,gaigei,parilis,0,0.348484,-0.0489795,0.00241346,0
6670000,gaigei,parilis,0,0.293459,-0.0418121,0.00278528,0
6680000,gaigei,parilis,0,0.321468,-0.0424434,0.00324462,0
6690000,gaigei,parilis,0,0.425764,-0.0499597,0.000409054,0
6700000,gaigei,parilis,0,0.345759,-0.0483398,0.000169563,0
6710000,gaigei,parilis,0,0.31162,-0.0426942,0.00138599,0
6720000,gaigei,parilis,0,0.407085,-0.0520744,0.000239353,0
6730000,gaigei,parilis,0,0.240019,-0.0378725,0.00199211,0
6740000,gaigei,parilis,0,0.382035,-0.0478285,0.000889942,0
6740000,barbouri,NA,38.819,0.00945778,-0.007474,0.208225,0
6750000,gaigei,parilis,0,0.319715,-0.0426825,0.00144183,0
6760000,gaigei,parilis,0,0.289025,-0.043579,0.00121675,0
6760000,placidus,sheplani,31.8304,0.0939451,-0.0103729,0.0122545,0
6770000,gaigei,parilis,0,0.383037,-0.0498827,0.0024591,0
6780000,gaigei,parilis,0,0.420461,-0.0506559,0.000276432,0
6790000,gaigei,parilis,0,0.326268,-0.0439102,0.003741,0
6800000,gaigei,parilis,0,0.322307,-0.0429394,0.00205311,0
6810000,gaigei,parilis,0,0.500238,-0.0540242,0.000957981,0
6820000,gaigei,parilis,0,0.40777,-0.0507956,0.00216885,0
6820000,placidus,sheplani,40.3337,0.083033,-0.00945695,0.0737224,0
6830000,gaigei,parilis,0,0.343656,-0.0473208,0.00254919,0
6840000,gaigei,parilis,0,0.309912,-0.0453121,0.00212175,0
6850000,gaigei,parilis,0,0.307217,-0.0465814,0.000294471,0
6860000,gaigei,parilis,0,0.297382,-0.0415087,0.00252343,0
6870000,gaigei,parilis,0,0.300543,-0.0436672,0.00780394,0
6880000,gaigei,parilis,0,0.36619,-0.0464467,0.00613012,0
6880000,dunni,NA,50.7289,0.506231,0.0105092,0.568328,0
6880000,garridoi,guazuma,46.3917,0.145915,0.0150656,0.325365,0
6890000,gaigei,parilis,0,0.439955,-0.0490962,0.00586941,0
6900000,gaigei,parilis,0,0.375761,-0.0507005,0.00628103,0
6910000,gaigei,parilis,0,0.427684,-0.05325,0.000303165,0
6920000,gaigei,parilis,0,0.392887,-0.0494736,0.00118342,0
6930000,gaigei,parilis,0,0.272526,-0.040348,0.00426695,0
6940000,gaigei,parilis,0,0.46203,-0.0544228,0.0057251,0
6950000,gaigei,parilis,0,0.314241,-0.0452589,0.000936779,0
6960000,gaigei,parilis,0,0.319876,-0.0412107,0.00362291,0
6970000,gaigei,parilis,0,0.422975,-0.0504441,0.00586591,0
6980000,gaigei,parilis,0,0.583021,-0.0582788,0.0040557,0
6990000,gaigei,parilis,0,0.392257,-0.0477484,0.00528529,0
7000000,gaigei,parilis,0,0.258344,-0.0403583,0.00822266,0
7010000,gaigei,parilis,0,0.308609,-0.046009,0.00645359,0
7020000,gaigei,parilis,0,0.269863,-0.0401729,0.00268585,0
7030000,gaigei,parilis,0,0.354156,-0.0471646,0.00321263,0
7040000,gaigei,parilis,0,0.414765,-0.0509372,0.00117295,0
7050000,gaigei,parilis,0,0.371306,-0.0490144,0.00333251,0
7060000,gaigei,parilis,0,0.292489,-0.0428537,0.00140856,0
7060000,smallwoodi,equestris,45.6998,0.470068,0.047762,0.230813,0
7070000,gaigei,parilis,0,0.395413,-0.0501312,0.00247761,0
7080000,gaigei,parilis,0,0.364185,-0.0454923,0.00221369,0
7080000,marsupialis,NA,35.1206,0.296658,-0.00718532,0.334682,0
7090000,gaigei,parilis,0,0.334305,-0.0466649,0.0058697,0
7100000,gaigei,parilis,0,0.305049,-0.0433312,0.00455136,0
7110000,gaigei,parilis,0,0.326557,-0.0450344,0.000442253,0
7120000,gaigei,parilis,0,0.436081,-0.0522539,0.00231358,0
7130000,gaigei,parilis,0,0.282337,-0.0434537,0.000743729,0
7140000,gaigei,parilis,0,0.413303,-0.0519261,0.00442601,0
7150000,gaigei,parilis,0,0.371763,-0.0479997,0.00150289,0
7160000,gaigei,parilis,0,0.524646,-0.05839,0.00705137,0
7170000,gaigei,parilis,0,0.296982,-0.0431149,0.00399631,0
7180000,gaigei,parilis,0,0.396595,-0.0483472,0.00290129,0
7180000,smallwoodi,equestris,43.4725,0.399275,-0.0119789,0.396283,0
7190000,gaigei,parilis,0,0.344321,-0.0463304,0.00147968,0
7200000,gaigei,parilis,0,0.280082,-0.0423858,0.000885104,0
7210000,gaigei,parilis,0,0.331949,-0.0471388,0.00403426,0
7220000,gaigei,parilis,0,0.347185,-0.0477986,0.000470711,0
7230000,gaigei,parilis,0,0.43536,-0.0528794,0.00163482,0
7240000,gaigei,parilis,0,0.329607,-0.0472795,0.00380256,0
7250000,gaigei,parilis,0,0.343557,-0.0504831,0.000119373,0
7260000,gaigei,parilis,0,0.331777,-0.0437828,0.00094068,0
7270000,gaigei,parilis,0,0.419384,-0.0499509,0.00240052,0
7280000,gaigei,parilis,0,0.364114,-0.0465659,0.00672748,0
7290000,gaigei,parilis,0,0.334419,-0.0439934,0.00801685,0
7290000,cyanopleurus,cupeyalensis,45.7389,0.0829851,-0.00408404,0.166289,0
7300000,gaigei,parilis,0,0.360143,-0.0480103,0.00103567,0
7310000,gaigei,parilis,0,0.351786,-0.0470968,0.00469401,0
7320000,gaigei,parilis,0,0.67113,-0.065259,0.00541614,0
7330000,gaigei,parilis,0,0.296242,-0.0438973,0.00259517,0
7340000,gaigei,parilis,0,0.352812,-0.0478317,0.000356052,0
7350000,gaigei,parilis,0,0.365712,-0.0507473,0.000159379,0
7360000,gaigei,parilis,0,0.35292,-0.0474127,0.00239766,0
7370000,gaigei,parilis,0,0.391112,-0.050194,0.00247232,0
7380000,gaigei,parilis,0,0.406587,-0.0491836,0.000128891,0
7380000,loveridgei,NA,46.6817,0.129658,-0.00905627,0.098534,0
7390000,gaigei,parilis,0,0.43777,-0.0492088,0.00897775,0
7400000,gaigei,parilis,0,0.334198,-0.0481429,0.00199457,0
7410000,gaigei,parilis,0,0.429884,-0.0543946,0.00348024,0
7420000,gaigei,parilis,0,0.310796,-0.0450861,4.29116e-005,0
7430000,gaigei,parilis,0,0.354517,-0.049909,0.00343223,0
7440000,gaigei,parilis,0,0.455466,-0.0507749,0.00699071,0
7450000,gaigei,parilis,0,0.470272,-0.0544302,0.00396602,0
7460000,gaigei,parilis,0,0.293528,-0.0428952,0.0033569,0
7470000,gaigei,parilis,0,0.310894,-0.0442051,0.00561398,0
7480000,gaigei,parilis,0,0.431394,-0.0523281,0.00137652,0
7480000,garridoi,guazuma,48.3935,0.144469,-0.0206766,0.597867,0
7490000,gaigei,parilis,0,0.318729,-0.0456651,7.10957e-005,0
7500000,gaigei,parilis,0,0.295127,-0.0449667,0.00209596,0
7510000,gaigei,parilis,0,0.418491,-0.0504849,0.00700854,0
7520000,gaigei,parilis,0,0.321598,-0.0467905,0.00418059,0
7530000,gaigei,parilis,0,0.449737,-0.0513921,0.00983376,0
7540000,gaigei,parilis,0,0.29393,-0.0433647,0.0043593,0
7550000,gaigei,parilis,0,0.311938,-0.0432618,0.0111996,0
7560000,gaigei,parilis,0,0.359456,-0.0487599,0.0024792,0
7570000,gaigei,parilis,0,0.266983,-0.0383066,0.00515737,0
7580000,gaigei,parilis,0,0.403085,-0.0529839,0.00461266,0
7590000,gaigei,parilis,0,0.346563,-0.0463523,8.32187e-005,0
7600000,gaigei,parilis,0,0.271654,-0.0399774,0.00456708,0
7610000,gaigei,parilis,0,0.309622,-0.0475829,0.00135626,0
7620000,gaigei,parilis,0,0.331513,-0.0464261,0.00463596,0
7630000,gaigei,parilis,0,0.362611,-0.0456957,0.00139172,0
7640000,gaigei,parilis,0,0.33486,-0.0470548,0.00128902,0
7650000,gaigei,parilis,0,0.41871,-0.0486933,0.00770147,0
7660000,gaigei,parilis,0,0.304067,-0.0462997,0.000307424,0
7670000,gaigei,parilis,0,0.390294,-0.0482843,0.00944468,0
7680000,gaigei,parilis,0,0.38256,-0.04961,0.00466019,0
7690000,gaigei,parilis,0,0.399212,-0.0506604,0.00490166,0
7700000,gaigei,parilis,0,0.367258,-0.051996,0.00375321,0
7710000,gaigei,parilis,0,0.34454,-0.0461139,0.00199244,0
7720000,gaigei,parilis,0,0.309119,-0.0452795,0.000678454,0
7730000,gaigei,parilis,0,0.260607,-0.0363502,0.012052,0
7730000,bartschi,NA,48.5908,0.0188245,0.00964511,0.789471,0
7740000,gaigei,parilis,0,0.303216,-0.0454359,0.00113968,0
7750000,gaigei,parilis,0,0.383089,-0.0485563,0.00438981,0
7760000,gaigei,parilis,0,0.251524,-0.0393965,0.000159431,0
7770000,gaigei,parilis,0,0.281055,-0.0428239,0.00230327,0
7780000,gaigei,parilis,0,0.297983,-0.0462856,0.00295291,0
7790000,gaigei,parilis,0,0.424281,-0.052768,0.00194544,0
7800000,gaigei,parilis,0,0.384414,-0.0499985,0.0085048,0
7810000,gaigei,parilis,0,0.355191,-0.0443281,0.00980646,0
7820000,gaigei,parilis,0,0.383948,-0.051058,0.00246325,0
7830000,gaigei,parilis,0,0.27712,-0.0409073,0.00520478,0
7840000,gaigei,parilis,0,0.250684,-0.0377874,0.00181384,0
7840000,isolepis,NA,41.9285,0.33768,-0.0192018,0.291452,0
7850000,gaigei,parilis,0,0.281021,-0.0378272,0.0112997,0
7860000,gaigei,parilis,0,0.244075,-0.0365385,0.000128891,0
7870000,gaigei,parilis,0,0.334873,-0.0439768,0.00952155,0
7880000,gaigei,parilis,0,0.334146,-0.0468504,0.00288347,0
7890000,gaigei,parilis,0,0.251228,-0.0378384,0.00767167,0
7900000,gaigei,parilis,0,0.183018,-0.0298609,0.00189585,0
7910000,gaigei,parilis,0,0.407795,-0.0488281,0.000537057,0
7920000,gaigei,parilis,0,0.431416,-0.052953,0.000504835,0
7930000,gaigei,parilis,0,0.325975,-0.043616,0.0025464,0
7940000,gaigei,parilis,0,0.357914,-0.0459047,0.00262496,0
7950000,gaigei,parilis,0,0.32348,-0.0444029,0.00836834,0
7960000,gaigei,parilis,0,0.313186,-0.0429957,0.0110311,0
7960000,agassizi,NA,47.9981,0.193508,-0.038623,1.23612,0
7970000,gaigei,parilis,0,0.338756,-0.0465798,0.00129077,0
7980000,gaigei,parilis,0,0.405791,-0.0488001,0.012024,0
7990000,gaigei,parilis,0,0.293091,-0.0438744,0.00425196,0
8000000,gaigei,parilis,0,0.424708,-0.0543345,0.000175803,0
8010000,gaigei,parilis,0,0.294632,-0.041907,0.00505534,0
8020000,gaigei,parilis,0,0.348802,-0.0476152,0.00216335,0
8030000,gaigei,parilis,0,0.422611,-0.0523751,0.00193892,0
8030000,latifrons,NA,49.227,0.0116248,-0.0202054,0.530738,0
8040000,gaigei,parilis,0,0.306344,-0.0439706,0.00960568,0
8050000,gaigei,parilis,0,0.410329,-0.0512404,0.00787335,0
8060000,gaigei,parilis,0,0.466605,-0.0549386,0.00136845,0
8070000,gaigei,parilis,0,0.363878,-0.0449883,0.016249,0
8080000,gaigei,parilis,0,0.383125,-0.0507109,0.00523183,0
8090000,gaigei,parilis,0,0.414276,-0.0511222,0.000659898,0
8100000,gaigei,parilis,0,0.408219,-0.0528745,0.00451654,0
8110000,gaigei,parilis,0,0.312292,-0.0448196,0.00161268,0
8110000,smallwoodi,equestris,40.2706,0.310048,0.0108515,0.0892231,0
8120000,gaigei,parilis,0,0.336226,-0.044885,0.00317907,0
8130000,gaigei,parilis,0,0.386556,-0.0522298,0.000418962,0
8140000,gaigei,parilis,0,0.41702,-0.0516541,0.00151035,0
8150000,gaigei,parilis,0,0.355328,-0.049137,0.00392533,0
8160000,gaigei,parilis,0,0.41115,-0.049986,0.00647892,0
8160000,brunneus,NA,49.3434,0.149087,-0.0225625,0.290454,0
8170000,gaigei,parilis,0,0.407547,-0.0498409,0.00276938,0
8180000,gaigei,parilis,0,0.291719,-0.0428693,0.000911086,0
8190000,gaigei,parilis,0,0.3156,-0.0447441,0.00042706,0
8200000,gaigei,parilis,0,0.444601,-0.0523894,0.00651575,0
8210000,gaigei,parilis,0,0.439009,-0.0531515,0.00281108,0
8220000,gaigei,parilis,0,0.316493,-0.0422134,0.00266161,0
8230000,gaigei,parilis,0,0.318003,-0.0417181,0.00363956,0
8240000,gaigei,parilis,0,0.298428,-0.0442673,0.000366257,0
8250000,gaigei,parilis,0,0.29563,-0.0437886,0.00408103,0
8260000,gaigei,parilis,0,0.245334,-0.0358338,0.000322717,0
8270000,gaigei,parilis,0,0.404862,-0.0497016,0.00352283,0
8280000,gaigei,parilis,0,0.584611,-0.0642806,0.00172792,0
8290000,gaigei,parilis,0,0.260152,-0.040832,0.000775975,0
8300000,gaigei,parilis,0,0.313307,-0.0451522,0.00431917,0
8310000,gaigei,parilis,0,0.292905,-0.043793,0.000569148,0
8320000,gaigei,parilis,0,0.369438,-0.0468123,0.00659626,0
8320000,poncensis,NA,50.4231,1.61596,0.0142495,0.285243,0
8330000,gaigei,parilis,0,0.308764,-0.0446873,0.00184279,0
8340000,gaigei,parilis,0,0.338957,-0.0479362,9.40488e-006,0
8350000,gaigei,parilis,0,0.352217,-0.0454826,0.00171541,0
8360000,gaigei,parilis,0,0.346055,-0.0483469,0.00282031,0
8370000,gaigei,parilis,0,0.312199,-0.0433744,0.00170714,0
8380000,gaigei,parilis,0,0.225437,-0.0350846,0.0022706,0
8390000,gaigei,parilis,0,0.303077,-0.0445414,0.000486945,0
8400000,gaigei,parilis,0,0.307754,-0.0406412,0.00420084,0
8410000,gaigei,parilis,0,0.470757,-0.0532191,0.0123934,0
8410000,cristifer,NA,49.266,0.170498,0.00941509,0.144132,0
8420000,gaigei,parilis,0,0.408346,-0.0523244,0.00115059,0
8430000,gaigei,parilis,0,0.445488,-0.0531969,0.00659678,0
8440000,gaigei,parilis,0,0.428598,-0.0515344,0.00540723,0
8450000,gaigei,parilis,0,0.296549,-0.0453735,0.00619736,0
8460000,gaigei,parilis,0,0.468699,-0.05559,0.000616237,0
8470000,gaigei,parilis,0,0.364552,-0.0465475,0.00281765,0
8480000,gaigei,parilis,0,0.296326,-0.0420246,0.00824419,0
8490000,gaigei,parilis,0,0.30152,-0.0437051,0.00502349,0
8500000,gaigei,parilis,0,0.322993,-0.0453901,0.000235872,0
8510000,gaigei,parilis,0,0.206335,-0.0326867,0.000792151,0
8520000,gaigei,parilis,0,0.231095,-0.0395587,0.00250606,0
8530000,gaigei,parilis,0,0.331215,-0.0450647,0.00429062,0
8540000,gaigei,parilis,0,0.321396,-0.0428192,0.00898818,0
8550000,gaigei,parilis,0,0.32382,-0.0520473,0.00100869,0
8560000,gaigei,parilis,0,0.444734,-0.0550285,0.00264493,0
8570000,gaigei,parilis,0,0.238553,-0.0371387,0.000450477,0
8580000,gaigei,parilis,0,0.265175,-0.0377011,0.00777632,0
8590000,gaigei,parilis,0,0.346751,-0.0472878,0.00840466,0
8600000,gaigei,parilis,0,0.348188,-0.0472087,0.000599553,0
8610000,gaigei,parilis,0,0.331976,-0.0474571,0.00226254,0
8620000,gaigei,parilis,0,0.427235,-0.0563025,0.00065078,0
8630000,gaigei,parilis,0,0.350051,-0.0479429,0.00226298,0
8640000,gaigei,parilis,0,0.357728,-0.048056,0.00457747,0
8650000,gaigei,parilis,0,0.385021,-0.0473529,0.00383054,0
8650000,dolichocephalus,NA,43.8986,0.137902,0.00515581,0.0443593,0
8660000,gaigei,parilis,0,0.356545,-0.0469973,0.00354015,0
8660000,polylepis,NA,45.753,0.00768143,-0.026425,0.150638,0
8670000,gaigei,parilis,0,0.31148,-0.045077,0.000449849,0
8680000,gaigei,parilis,0,0.330226,-0.0454748,0.00399395,0
8690000,gaigei,parilis,0,0.337785,-0.0508153,0.00753973,0
8700000,gaigei,parilis,0,0.377953,-0.0483442,0.00224009,0
8710000,gaigei,parilis,0,0.354582,-0.0480012,0.00178277,0
8720000,gaigei,parilis,0,0.390211,-0.0529535,0.00273348,0
8730000,gaigei,parilis,0,0.374676,-0.0479291,0.00111529,0
8730000,singularis,NA,51.0249,0.00634873,0.0186687,2.99364,0
8740000,gaigei,parilis,0,0.327166,-0.0435177,0.00670688,0
8750000,gaigei,parilis,0,0.374352,-0.0460127,0.00857952,0
8760000,gaigei,parilis,0,0.237186,-0.0370031,0.00284266,0
8770000,gaigei,parilis,0,0.244152,-0.0370827,0.000537773,0
8780000,gaigei,parilis,0,0.367028,-0.049046,0.00374338,0
8790000,gaigei,parilis,0,0.34067,-0.0446438,0.00261115,0
8800000,gaigei,parilis,0,0.282966,-0.0425089,0.0103876,0
8810000,gaigei,parilis,0,0.478958,-0.0561265,0.00857171,0
8820000,gaigei,parilis,0,0.283795,-0.0438018,0.00047668,0
8830000,gaigei,parilis,0,0.332076,-0.0456892,0.00555666,0
8840000,gaigei,parilis,0,0.300794,-0.0393692,0.00462308,0
8850000,gaigei,parilis,0,0.368316,-0.0475189,0.00315941,0
8860000,gaigei,parilis,0,0.32311,-0.0424519,0.00154353,0
8870000,gaigei,parilis,0,0.411927,-0.0542314,0.000633745,0
8880000,gaigei,parilis,0,0.292174,-0.0447415,0.000270546,0
8890000,gaigei,parilis,0,0.30689,-0.0430842,0.00133773,0
8900000,gaigei,parilis,0,0.333633,-0.0479313,0.00726639,0
8910000,gaigei,parilis,0,0.267358,-0.0398869,0.000190208,0
8920000,gaigei,parilis,0,0.272999,-0.0400992,0.00418424,0
8930000,gaigei,parilis,0,0.329904,-0.0428905,0.000679724,0
8940000,gaigei,parilis,0,0.394982,-0.0494931,0.000166551,0
8950000,gaigei,parilis,0,0.427847,-0.0521332,0.000973817,0
8960000,gaigei,parilis,0,0.329583,-0.0473544,7.04443e-007,0
8970000,gaigei,parilis,0,0.420137,-0.050223,0.00551991,0
8980000,gaigei,parilis,0,0.432097,-0.0509099,0.00635926,0
8990000,gaigei,parilis,0,0.312809,-0.0431057,0.00301966,0
9000000,gaigei,parilis,0,0.325726,-0.0453906,0.00297472,0
9010000,gaigei,parilis,0,0.325261,-0.0456848,0.000291284,0
9020000,gaigei,parilis,0,0.370342,-0.0495219,0.00165111,0
9030000,gaigei,parilis,0,0.279241,-0.0399583,0.000813377,0
9040000,gaigei,parilis,0,0.31344,-0.0461858,0.00253281,0
9050000,gaigei,parilis,0,0.361807,-0.04737,0.00182334,0
9060000,gaigei,parilis,0,0.221153,-0.0329172,0.00330894,0
9070000,gaigei,parilis,0,0.263408,-0.039773,0.00471505,0
9080000,gaigei,parilis,0,0.341608,-0.0448744,0.00424535,0
9080000,peraccae,NA,47.829,0.535688,-0.0121643,0.243217,0
9090000,gaigei,parilis,0,0.244611,-0.0367844,0.00157867,0
9100000,gaigei,parilis,0,0.248862,-0.0375605,0.000282301,0
9110000,gaigei,parilis,0,0.348609,-0.04979,0.00357331,0
9120000,gaigei,parilis,0,0.321887,-0.045321,0.000391874,0
9120000,occultus,NA,39.3141,0.334789,-0.0260739,0.565384,0
9130000,gaigei,parilis,0,0.337638,-0.0456059,0.00111118,0
9140000,gaigei,parilis,0,0.374482,-0.0511782,0.000413123,0
9150000,gaigei,parilis,0,0.381097,-0.0487277,0.00673217,0
9160000,gaigei,parilis,0,0.300811,-0.0437784,0.0009505,0
9170000,gaigei,parilis,0,0.394231,-0.0518179,0.000787166,0
9180000,gaigei,parilis,0,0.392308,-0.0498896,0.00340954,0
9190000,gaigei,parilis,0,0.30008,-0.0445885,0.00345571,0
9200000,gaigei,parilis,0,0.378802,-0.0466427,0.0182929,0
9210000,gaigei,parilis,0,0.377946,-0.0516947,8.461e-005,0
9220000,gaigei,parilis,0,0.409603,-0.0512278,0.00282942,0
9230000,gaigei,parilis,0,0.372941,-0.0491545,3.51358e-007,0
9240000,gaigei,parilis,0,0.36927,-0.0481777,0.000891527,0
9250000,gaigei,parilis,0,0.383186,-0.0492653,0.00732105,0
9260000,gaigei,parilis,0,0.298158,-0.0406141,0.0131923,0
9270000,gaigei,parilis,0,0.406437,-0.0484597,0.00319155,0
9280000,gaigei,parilis,0,0.268184,-0.0361965,0.00238892,0
9290000,gaigei,parilis,0,0.392841,-0.046672,0.00794877,0
9300000,gaigei,parilis,0,0.251683,-0.0398788,0.000396717,0
9300000,sminthus,NA,49.1601,0.142644,-0.00170768,0.250461,0
9310000,gaigei,parilis,0,0.327964,-0.0457605,0.00399697,0
9320000,gaigei,parilis,0,0.358941,-0.045491,0.00112337,0
9330000,gaigei,parilis,0,0.348152,-0.045274,0.00302435,0
9340000,gaigei,parilis,0,0.324785,-0.0463779,0.00694545,0
9350000,gaigei,parilis,0,0.337146,-0.0487968,0.000727209,0
9350000,acutus,NA,43.3838,0.169944,-0.00474966,0.023349,0
9360000,gaigei,parilis,0,0.503355,-0.0522196,0.0156619,0
9370000,gaigei,parilis,0,0.280912,-0.0387838,0.0104392,0
9380000,gaigei,parilis,0,0.342501,-0.0465725,0.00800123,0
9390000,gaigei,parilis,0,0.33589,-0.0479504,0.00599521,0
9390000,notopholis,NA,50.6462,0.522447,0.000161311,1.26413,0
9400000,gaigei,parilis,0,0.371868,-0.0485959,0.00292651,0
9410000,gaigei,parilis,0,0.345237,-0.0459946,0.00800391,0
9420000,gaigei,parilis,0,0.362143,-0.0469798,0.00501969,0
9430000,gaigei,parilis,0,0.378116,-0.0497218,0.00479174,0
9440000,gaigei,parilis,0,0.407183,-0.0479406,0.00651135,0
9450000,gaigei,parilis,0,0.277284,-0.0407827,5.60974e-005,0
9460000,gaigei,parilis,0,0.481482,-0.0573729,0.000816772,0
9470000,gaigei,parilis,0,0.300276,-0.0424121,0.0018071,0
9480000,gaigei,parilis,0,0.244158,-0.0381781,0.00269659,0
9490000,gaigei,parilis,0,0.335132,-0.045047,0.000572697,0
9500000,gaigei,parilis,0,0.376949,-0.0483615,0.00210481,0
9510000,gaigei,parilis,0,0.383737,-0.0492913,0.00631919,0
9520000,gaigei,parilis,0,0.374958,-0.0503702,0.00105865,0
9530000,gaigei,parilis,0,0.416224,-0.0503522,0.00261036,0
9540000,gaigei,parilis,0,0.306995,-0.0430294,0.00463227,0
9550000,gaigei,parilis,0,0.293579,-0.0425212,5.45766e-005,0
9560000,gaigei,parilis,0,0.395398,-0.0492706,0.00126609,0
9570000,gaigei,parilis,0,0.24731,-0.0384385,0.000832364,0
9580000,gaigei,parilis,0,0.333985,-0.0441719,0.0025964,0
9590000,gaigei,parilis,0,0.284111,-0.0430857,0.00145431,0
9590000,bremeri,NA,51.4454,0.551392,-0.0248996,1.48479,0
9600000,gaigei,parilis,0,0.41338,-0.0488379,0.0101254,0
9610000,gaigei,parilis,0,0.347826,-0.0468052,0.00511493,0
9620000,gaigei,parilis,0,0.294248,-0.0449622,0.00433259,0
9630000,gaigei,parilis,0,0.472815,-0.0560089,0.0034408,0
9640000,gaigei,parilis,0,0.335176,-0.0458762,0.00199225,0
9650000,gaigei,parilis,0,0.410887,-0.0488001,0.00969282,0
9660000,gaigei,parilis,0,0.377193,-0.0470992,0.00710957,0
9670000,gaigei,parilis,0,0.356663,-0.0503863,0.000316517,0
9680000,gaigei,parilis,0,0.400932,-0.0495003,0.000668008,0
9690000,gaigei,parilis,0,0.469466,-0.0581184,0.0035254,0
9700000,gaigei,parilis,0,0.472306,-0.0547249,0.000344761,0
9710000,gaigei,parilis,0,0.414381,-0.0490588,0.00136034,0
9720000,gaigei,parilis,0,0.322576,-0.0427378,0.00878885,0
9730000,gaigei,parilis,0,0.359372,-0.0481828,0.00265294,0
9740000,gaigei,parilis,0,0.424505,-0.0517252,0.00316284,0
9750000,gaigei,parilis,0,0.429996,-0.0536104,0.00135003,0
9760000,gaigei,parilis,0,0.317874,-0.0418512,0.00127096,0
9770000,gaigei,parilis,0,0.266036,-0.0429953,0.00552098,0
9780000,gaigei,parilis,0,0.381868,-0.0526437,0.00117416,0
9790000,gaigei,parilis,0,0.308925,-0.0443186,0.00253153,0
9800000,gaigei,parilis,0,0.349456,-0.0461201,0.00171359,0
9810000,gaigei,parilis,0,0.25808,-0.0367603,0.00297448,0
9820000,gaigei,parilis,0,0.429772,-0.0560557,0.00367798,0
9820000,bicaorum,NA,49.4277,0.0842035,0.00754759,0.0606113,0
9830000,gaigei,parilis,0,0.326489,-0.044768,0.0019723,0
9840000,gaigei,parilis,0,0.448126,-0.0558576,0.00703706,0
9840000,cuprinus,NA,42.548,0.275292,-0.000972045,0.264273,0
9850000,gaigei,parilis,0,0.439725,-0.0527087,0.000380353,0
9860000,gaigei,parilis,0,0.335205,-0.0463899,0.00560047,0
9870000,gaigei,parilis,0,0.26744,-0.0391773,0.00490287,0
9880000,gaigei,parilis,0,0.355591,-0.046592,0.00113072,0
9890000,gaigei,parilis,0,0.357115,-0.0460239,0.00862341,0
9900000,gaigei,parilis,0,0.383795,-0.0501332,0.00131241,0
9910000,gaigei,parilis,0,0.351041,-0.0510036,0.00278752,0
9920000,gaigei,parilis,0,0.442934,-0.0545981,4.08297e-005,0
9930000,gaigei,parilis,0,0.269024,-0.0428075,0.00103474,0
9940000,gaigei,parilis,0,0.461695,-0.052648,0.00576063,0
9950000,gaigei,parilis,0,0.518784,-0.0585152,0.00436102,0
9960000,gaigei,parilis,0,0.367702,-0.0477296,0.0108311,0
9970000,gaigei,parilis,0,0.575421,-0.0595831,0.00573865,0
9980000,gaigei,parilis,0,0.327465,-0.0462615,0.0019795,0
9990000,gaigei,parilis,0,0.395503,-0.0494466,0.0054776,0
